Results for dtQ1 = 2
mean(LQ2) = 0.9607
stddev(LQ2) = 1.33227
mean(LQ1) = 1.9287
stddev(LQ1) = 1.9468
mean(time) = 3.89502
stddev(time) = 2.74905

Results for dtQ1 = 1.5
mean(LQ2) = 2.0794
stddev(LQ2) = 2.53892
mean(LQ1) = 4.1398
stddev(LQ1) = 3.59219
mean(time) = 6.15146
stddev(time) = 4.40713

Results for dtQ1 = 1.1
mean(LQ2) = 10.22
stddev(LQ2) = 11.4087
mean(LQ1) = 18.228
stddev(LQ1) = 14.0487
mean(time) = 20.1032
stddev(time) = 14.5601

